0.289669003510675
8.59140205448758
0.427101461824701
0.598527386414239
1.16969273955578
1.93485921337304
1.27101923120896
3.55363038785941
5.1362228812985
33.3140683565021
0.248547878618548
0.360018999353162
0.195398976162163
0.270838694888464
0.140819050924197
0.96009311784089
0.647065513455252
0.242514956654856
0.494174800954854
0.543559272188607
2.20090345715726
0.685011739982892
1.11109299116712
0.417457914544559
0.490984105787949
0.0965017873204778
0.928741790025608
1.23320737088955
0.0743447472786155
2.38872727796135
0.492506620496846
9.60709831953418
5.35766452257761
0.28748710828698
0.432096447480716
0.148901021201867
6.83893450946965
0.0897505821656836
0.383503203352111
0.0642140863004416
4.32683931339109
0.214898396769254
0.185311898698872
1.82464800499093
0.7491653263491
5.77737004196030
0.621490308587713
0.220940145882480
1.18812713137718
2.09921733623178
8.89016093009512
0.0977384248826327
0.163136311420963
10.7582731873552
0.360176641320211
4.35873712392009
19.9320769904363
0.740677433458314
1.02599272415639
0.0176618219812986
0.579203707066826
0.289218889401360
9.68109206271767
0.248108474919534
0.0296869950147254
28.7342250175996
0.140063623415733
0.0896340385452878
7.57142923985263
0.0668355903018944
15.7665802003316
7.61386063890796
12.1702617783460
0.205861924713602
1.92052886422784
0.498303278968121
0.347812135702870
0.906766932470932
0.657636797426492
2.75729596235762
0.494314013249327
0.464379459023684
1.73924389414751
6.81898103591942
1.65334771334115
0.230293872434356
1.06136302914299
0.36787362946248
1.14380321572074
2.34898255790899
1.56722903608613
6.80715661205424
8.76063963362185
2.50378471582645
0.158455208758887
0.902966455426587
5.28815597031178
0.229365048804597
0.51150434508815
2.47661310339245
0.614998133090272
2.16401552417507
0.235754203973572
0.0725317063639204
2.16925132261056
0.0114203854950540
0.403348764229909
0.181774155418853
4.71726893436503
1.40144681625137
6.40750913381983
1.39051562888077
0.166580683813865
1.47098487899919
0.185072308426838
1.02190681168349
2.26322556704874
1.26965913569582
1.22362805817045
8.15723364103829
0.361191676373035
1.58082133815106
14.8738424639724
16.7814189937085
0.132779747860685
0.0655744766009977
1.59875780821090
0.448810722104121
1.36211047885412
2.79264584051801
0.911100137918917
1.89472993260760
0.180375854399855
0.261615638281242
0.149957808068446
1.35766487746957
3.35425454495037
9.4333161894396
0.168351599202199
1.98511340931593
2.52288674299473
1.01477484830592
4.44954301192883
49.486297056458
9.33447546787355
0.414484172703324
3.56210256299544
15.2054725563659
0.0590150137896409
1.72443749644753
22.1982134791006
2.18819675601035
3.12120770589118
0.081605513418234
5.52777421911757
8.89415522862649
0.306278908542975
2.86323405784384
0.459879088621138
3.66358857320080
0.609044793998853
0.220799650198878
0.191111450815736
0.567633893192195
0.545727930368123
4.09154588958819
1.67358111712437
0.31051312806017
0.0506964865780387
2.30284941974436
0.627738470094441
1.80226516638997
0.287875504657548
0.41204769691139
1.88308266067399
0.116398533290058
0.758620745912276
0.0123208588974685
1.23853663331664
0.0404508427051452
0.52729204162548
0.25598607696344
0.81355229089634
0.0055960284029784
0.140851545823937
0.286418119374619
0.264479591653526
1.07836629446540
2.13376296308699
3.89217671255755
0.117944348528083
32.404843428557
1.91319717600295
0.611262048482671
0.507324100498773
2.97068901376018
1.03523954074686
0.0465814899710006
1.12704646343977
0.138768479921542
3.35915879651177
0.346112322415826
4.78512603275952
1.06033390886048
2.97959445289157
2.77160306911347
0.400414465206246
0.4617829412522
2.28823314352472
0.746543733148417
0.586526151395222
0.185105325816184
0.170360631099756
0.459844272255926
0.0346396195168932
2.07345689697502
0.0749937581137306
2.1189011780507
0.87451366214102
1.53258398342562
25.9123802190861
0.0657799605205519
0.330496388510523
13.2118387103012
0.0837150266839276
0.232130734529464
0.82237744393747
0.388906439233733
1.33145486414900
17.6558959225429
0.791295860025936
0.264690524099085
0.613056888057835
6.7630817227811
0.261711677673376
1.62435269168580
2.77644124650614
55.2942835733787
0.215891460982243
8.54676778071503
0.00596337869735669
1.69577221832264
5.31825547643574
13.2270054174068
6.32081555256404
0.0461363521529919
0.386501346019687
5.13505974189043
0.0249204953408242
19.5615403759792
0.340482683318231
6.46053316822876
0.525392088089549
0.169251725881839
0.458473176502907
4.02156710477044
1.07902547998096
4.61770208014617
0.113100764390944
0.108125542557579
4.88058318611880
0.211961040798004
0.608769888148111
34.5619242989718
3.10992750700673
0.499858931959469
14.1750291458108
1.0344012377874
8.8657379485785
0.0476092889054575
2.73141715550169
0.422991203720873
0.55274035313862
1.65689528865414
0.253338507345662
42.8652890468228
0.299727226675438
0.170172316876775
1.00118608418798
0.298690491395790
0.639434988968174
6.52465743883704
0.638759508452837
3.26626382672093
5.43899510679839
3.83237743064302
1.19617238712693
0.0442065264995121
0.0253372006178014
0.125331923015472
8.92795935412487
1.52163155194997
1.13263411707102
4.57833649811264
4.41077986856921
3.09253405412367
0.174629055127993
5.89507150551246
6.44770045498662
14.2795310443274
0.287137067057426
0.991425815883227
0.37452373147679
1.22204237709121
1.06850667764656
0.384911846834272
1.57453777865884
3.89271027618206
0.656548658942188
0.8470345120169
0.331176453165671
0.189427373992857
0.64188979685955
2.49255144410452
0.727393829057998
0.682647338231238
21.2265761663376
0.233765897789864
8.20708508966975
0.447103690505796
1.23579452618691
0.22966829524551
5.21190355642134
1.46888360294002
3.33983856648878
1.59069207640612
0.0748095702671436
0.336315114312026
0.900089373109475
13.7551827173556
0.119854849765963
0.351798515214014
0.827711553796759
0.38357809931946
0.348232269456895
0.66293143328123
10.8047237319021
3.49516170637741
1.23716099532095
0.0109278868730653
1.57243674533182
1.16442197682945
11.8026210227444
10.9525554233656
6.65272300476358
0.25806505408865
1.27804529175816
1.51783235082232
0.261604486271525
0.455671738290989
0.271979866427441
2.02181936885056
2.00406600835276
5.89897984961327
0.433921469621822
12.4043862695287
0.688025996301036
10.7336050149621
1.20761831994434
5.45967512000521
1.05805365682523
2.95883027154002
10.9183459375082
1.64092173866892
0.147811003687372
1.40365637302094
0.796979576002795
6.74105328337064
0.0325703425993644
4.45329553717259
1.25246745894275
0.172451434596619
0.0234071829758082
45.5527300955829
0.425450095567191
14.7494149333809
3.90278825525931
0.475398608561567
0.846952809406293
0.0506189440461364
0.0961146016047538
15.4562440079436
0.6100878276482
1.81820667015478
4.99359840184585
0.13228784360532
0.735783718948383
5.91107536742881
0.376206867978919
1.45175386789208
1.11339467339864
0.192638457850631
1.12455143197846
4.65758913685794
0.0954065986662744
0.346677145836054
0.482961315888249
0.725362783295498
3.82358597510973
0.12371291713086
3.66642908303887
11.1633479242554
0.224021443521132
0.612737146233773
0.0417719257978855
0.0274312772404834
2.77967643481800
8.80984198580872
0.94656499856183
0.767452106764649
1.32880614819266
0.143849070050208
5.30766574322133
0.614177840753614
7.14609262898551
0.3183959226803
1.03377113830132
0.0937786814681252
5.24507812377485
1.48307913107497
0.295631643105195
1.23271268062606
0.3067144104859
0.385135080860435
0.0488779863234989
0.139545282609252
0.16107311910256
0.258450564417645
1.02440698763449
2.08535415625858
0.979753452051705
10.1448265889016
4.48782308182369
0.410219825650323
1.99517265114948
4.00755812142737
24.1015888463291
1.27488369809505
53.5349216459562
5.9678581639984
11.6036751549723
5.77434221454251
4.97503704503931
1.32234071264824
0.0323048875652135
0.0242532069447461
2.06358819907253
1.81374797229433
0.412704098193464
0.201051165416861
0.0983481595419934
0.101582430306335
0.984157069192145
0.611409552565872
0.0991949270341585
0.849525725000205
0.664170277326433
0.0455468850491537
0.376998220846117
0.280613661248187
9.67854091084948
0.100622012034739
4.72713598859873
1.84140589223784
1.44530284113839
13.0725779846416
1.64473333798836
1.8848272407313
1.63917865864479
0.770744980364266
3.08317731956355
9.20249513921446
1.52539634122612
0.163119639316509
0.770773952328516
0.139291735726670
0.383618126441479
5.43057096277228
11.3534067523499
45.0663491005189
3.27601314627893
0.221347238659579
2.60224771628241
1.34984249876765
3.91179413901069
0.327547503099857
0.111242992837741
20.6968250796346
0.790827467181718
0.363045739957442
0.112681243320093
0.507792613978017
0.223760590524028
0.78973166543483
1.31843476425772
0.0408245604657182
2.54344758691717
0.51834319925413
1.63888095239355
5.62691452483052
1.17207727686329
0.332051464628038
4.91443396999425
1.54571579828438
1.18824504182
0.451219229794373
1.01425416877309
0.197043596832471
5.91394818370181
1.255593912752
0.341581222318562
0.403693701115996
0.304410142160858
0.0369666636753896
2.78189890648181
0.0906190295605612
0.638047140864636
4.48613946186854
0.104743281556070
0.630278157674092
1.00025140434969
0.825277749371582
3.51010845032066
0.247890203294573
2.45069538947126
9.61790207600488
0.425715197778131
0.0156820569225114
0.387727881153516
0.0620213526401718
2.79682159867887
1.07657212348423
0.233267865485019
0.66413091098883
0.267777713267645
262.673594703135
0.475453193430623
1.67008470481946
3.44913351503286
1.74128509751412
4.83571448509513
5.62884869198622
0.348564767037799
0.076388620621492
5.38786144615327
1.764036573475
2.3913770259674
0.131071102025471
1.11260051786325
0.331643633445744
1.00222812786910
0.527001906502181
0.443740478732654
1.68943430506006
0.518490156677056
0.457572970167003
0.228561150502964
0.617265840572226
0.390874244832215
1.46819328525057
8.77662165694388
8.68886556421687
7.97227670939958
5.0347995547222
0.118980396858011
2.22472288674382
1.91553770686336
3.03946969342559
18.5211613825065
0.399995421772754
0.0828359091570936
0.582089550105507
1.13424871667040
2.26008794749668
3.54745192217364
10.2356097766030
0.231451422452790
0.929664965300208
0.650484373686176
0.072522348348005
3.74674407988129
0.218334226719553
0.126688229346820
0.815881658536885
1.07006851107542
0.575885354463402
0.543485843245933
2.2220277433206
3.79519885286642
3.54976247933243
0.63548495442022
0.0869759481220066
0.893166871524936
2.00969721099561
0.222888254875832
0.138505429124607
0.0740580484889862
0.0835994211014561
0.0386352126526894
46.1084312551084
4.62476367617919
0.191601849793765
1.10788756374812
0.241906235225166
0.25132868176894
3.78429924356846
0.703207879972868
1.43213683884393
0.102839416079977
0.250300416923596
0.223536429051586
1.82758239366609
3.43084655340382
2.47766350761625
0.404262862137454
5.61488108804316
0.168986070702821
4.97314694165810
2.83836310488706
2.45934647070036
5.83674040666107
3.46525092669159
5.84720411196659
0.607082935192018
0.312843332261278
0.401561908785634
1.07279282654829
13.6200014361126
0.552571620558601
3.50250068594205
0.100005495252969
8.35199142076081
0.285602315389933
3.63720803814054
8.42857338571888
0.707202315677462
1.98007893041691
0.185394937850659
0.345701274690892
5.31991804749591
3.62016540747077
0.316487919147736
0.296202341502744
1.17154124251874
0.0861985757249282
5.74667700179851
6.4112704779269
0.497443574567512
0.0754036314262259
3.36684288680486
12.8033296663998
3.69473973426870
2.41579654200356
0.352191583373328
1.0252656487179
1.68003146754618
0.505376549017165
0.81871159228614
1.85724531363698
0.242623453409877
0.648851896250542
0.908454319525297
0.236528573588287
4.08039893952596
0.670441957015084
0.613891790285729
3.60052636648346
2.19616579479127
0.0460522373423645
0.0648534748093113
0.594426519248832
0.46955948451103
19.3186749406177
0.302259106170276
2.81430148031721
0.867370746746256
4.94692997128192
0.624432931421957
3.67451167422665
0.053152405289934
2.09459715830006
0.0555883115819046
5.75625781833815
2.60908038772974
0.776876879055771
1.15643354941328
0.638247167560757
2.29508756515398
5.80816635656755
0.729429408110618
13.2390271261000
0.0213199954010887
4.66650958844054
0.378080609284014
0.280128506785118
0.0910156933672864
0.174490872186868
2.49350665910861
0.0859274039934555
1.73094713900130
6.04772042049443
0.615173058883103
0.189779837644289
0.960723446077514
1.31492603922162
0.144909003211706
1.25017604626525
1.31639219809813
1.04427783922390
4.95869013945595
11.5368327505924
0.5003092764049
0.284501330558005
5.77541314673394
4.24895917628475
1.47792371944999
4.82414943807810
0.687514412772284
0.738601676703028
1.67685451843331
0.35855539104622
3.36570756566485
1.43579937956013
7.1174900108508
0.350039575158840
0.707551513293964
0.0128304172801589
0.282456781351844
4.81293936036237
0.581208451301995
0.948920329506535
0.0374448617312648
7.7058915655444
3.37880282521802
0.289384591608387
2.34710181673814
0.0114953517609950
0.0868145013095228
1.21693191023875
0.551329412308613
0.115995977381977
4.44409912095904
0.114198930685702
2.95669619195778
19.5767535390817
19.4463746417002
0.552291271948874
3.07184584469814
0.213623800583569
0.790992597490416
0.677131998996577
0.261141472479054
0.329657982323406
0.255313871081562
0.582184754962063
4.25537044986488
1.21660492862183
0.80075217641133
6.54234544188107
88.4697398320109
0.159116826962275
1.71314422039904
0.518869904089868
0.504960635075618
0.126311311873131
0.209705498240133
0.101339303766006
0.640589636766546
0.0719809895656013
0.48452105722599
3.74566636286479
4.14498968781156
1.15797675286872
1.21955180601518
1.19862626022508
0.330393603115263
1.07633937279348
0.0954310860874565
0.0369226529279044
14.6634051397605
1.91556505442553
20.4760482305522
0.540874235430736
0.206197013526594
2.87853742598194
1.29410595363353
5.25566939263385
1.73843158627767
7.68538433524047
0.493102519456731
1.39634965445359
0.0263053760133059
2.40266315704156
0.498517327560636
1.24424384444846
0.0467630076724322
0.0309298465071715
0.621017971296925
0.306332745143319
0.631017140987108
2.23551587597609
0.442339139415461
0.146443747120979
0.266815080587203
1.23912623825514
15.6916653338214
4.74417788757496
9.83885931928078
4.30655399252983
10.3060810145475
0.778132498530414
0.463929277613091
0.0410164271028242
0.99311046844901
0.842625106637033
2.19505829953577
0.983774023236567
0.0598247334668264
0.665999917667676
10.3346296117152
1.38962634856138
1.87322956425139
0.653569741803392
11.5165741211370
0.303843016643675
31.1057168692114
0.35699515474265
2.11290914723264
0.473011853180552
7.57865693702732
0.405749658147154
0.182639075047558
0.265370641151723
0.0600541783561763
0.0590881744213881
4.65123024535296
5.7121669577771
0.132408856067021
0.0319444713925518
1.15097369688980
0.0227421923984326
1.06988945165486
1.64818123823856
0.216158095168385
1.79503576073609
0.230653622702394
4.72003895964277
0.231459072638829
2.14583515155126
0.0599074743681393
1.28298144310385
0.0126269415372256
11.3368429055665
4.85874182435582
0.681468998315053
0.0850618833265506
0.076423159190962
12.1906224252772
0.216207399020292
2.29060740720896
1.20159050107625
0.190754019878098
4.32426191917594
1.31224291620436
3.42392773265965
0.830849089150074
0.0241967060862583
1.74905507336287
6.02512504690886
13.4363576459523
1.45899467645968
0.380220476322222
0.146306306435500
1.86313169772457
2.98472482762345
0.465850687819458
2.49628417192777
0.235996306417540
0.420386506366691
3.28653665064527
6.80451082927617
1.14981527700905
0.759108013125015
2.68501335062911
5.15248962169635
0.127704609302960
1.11520038485248
1.20532655647987
0.157673451255733
268.367197112493
0.525551734581544
0.665489504885757
11.6924328794486
1.11317549654992
0.172849170740301
0.728443108863109
0.284650854618698
3.09712196881268
1.10154690830917
0.487258412710363
1.59077468575319
0.87068218379978
0.00505300948119423
1.51800921655499
1.34388911551151
0.119888882685500
5.07218033207654
0.20688775298514
8.02375922794965
25.2383670057012
2.29771918824104
15.38092425697
0.526692631223432
0.76971490014317
0.88224071315392
0.69517939676469
0.168707505528290
9.6959492908972
0.430828273036943
4.54445647960362
0.990206418801612
2.71595900296989
0.131110673636072
0.980297798731184
0.176934316302436
3.30799765415762
4.07965583603017
7.96079020779857
0.914618506472447
2.86394832364702
4.06961237548047
0.660691542723136
0.252886473025543
0.817840299149868
2.18833672272234
1.90177200258050
1.05587565789099
2.7910202817361
0.465401655843771
0.286343820308432
0.324947837715908
6.64815256354455
0.957093706003174
0.113863237813110
0.263596470350899
2.90269921296152
12.6076364938007
0.95708935006563
1.29210270688366
2.12734540844098
0.63490673190213
0.0276515324248761
144.113982078141
9.04127452395549
12.9258919449584
0.117318383226888
6.46349101048048
0.0789331018029797
0.89158958163641
1.3478495756243
1.29118255363456
1.00635003854020
1.51575163436356
6.61150254386831
1.63949570450981
4.78461738089823
3.9732625408295
0.334962069306437
0.530401731120575
1.11888807019402
3.05156361693390
0.17021365953052
2.86767643479664
0.333625364324660
0.26305395371127
0.0367381633625427
54.1021654312620
0.69708291984754
7.44745751740977
1.71703791012115
0.580967451592801
0.239731046287290
0.179407693910709
0.356947449731948
0.907372343652663
0.562868276469837
0.457117376927218
24.4736607308845
2.07473866491870
0.0448123500711102
0.332714091462976
7.28282185203965
4.3997018418801
0.728957962521946
3.90639165428361
1.76393975987581
1.20853594521101
6.86153343955668
0.0857694291592527
3.19919924739934
